# Created by Octave 4.2.2, Fri May 10 09:08:58 2019 -03 <fede@Fede-Ros>
# name: R
# type: matrix
# rows: 30
# columns: 30
 0 0.03448275862068965 0.06896551724137931 0.103448275862069 0.1379310344827586 0.1724137931034483 0.2068965517241379 0.2413793103448276 0.2758620689655172 0.3103448275862069 0.3448275862068966 0.3793103448275862 0.4137931034482759 0.4482758620689655 0.4827586206896551 0.5172413793103449 0.5517241379310345 0.5862068965517241 0.6206896551724138 0.6551724137931034 0.6896551724137931 0.7241379310344828 0.7586206896551724 0.7931034482758621 0.8275862068965517 0.8620689655172413 0.896551724137931 0.9310344827586207 0.9655172413793103 1
 0 0.03448275862068965 0.06896551724137931 0.103448275862069 0.1379310344827586 0.1724137931034483 0.2068965517241379 0.2413793103448276 0.2758620689655172 0.3103448275862069 0.3448275862068966 0.3793103448275862 0.4137931034482759 0.4482758620689655 0.4827586206896551 0.5172413793103449 0.5517241379310345 0.5862068965517241 0.6206896551724138 0.6551724137931034 0.6896551724137931 0.7241379310344828 0.7586206896551724 0.7931034482758621 0.8275862068965517 0.8620689655172413 0.896551724137931 0.9310344827586207 0.9655172413793103 1
 0 0.03448275862068965 0.06896551724137931 0.103448275862069 0.1379310344827586 0.1724137931034483 0.2068965517241379 0.2413793103448276 0.2758620689655172 0.3103448275862069 0.3448275862068966 0.3793103448275862 0.4137931034482759 0.4482758620689655 0.4827586206896551 0.5172413793103449 0.5517241379310345 0.5862068965517241 0.6206896551724138 0.6551724137931034 0.6896551724137931 0.7241379310344828 0.7586206896551724 0.7931034482758621 0.8275862068965517 0.8620689655172413 0.896551724137931 0.9310344827586207 0.9655172413793103 1
 0 0.03448275862068965 0.06896551724137931 0.103448275862069 0.1379310344827586 0.1724137931034483 0.2068965517241379 0.2413793103448276 0.2758620689655172 0.3103448275862069 0.3448275862068966 0.3793103448275862 0.4137931034482759 0.4482758620689655 0.4827586206896551 0.5172413793103449 0.5517241379310345 0.5862068965517241 0.6206896551724138 0.6551724137931034 0.6896551724137931 0.7241379310344828 0.7586206896551724 0.7931034482758621 0.8275862068965517 0.8620689655172413 0.896551724137931 0.9310344827586207 0.9655172413793103 1
 0 0.03448275862068965 0.06896551724137931 0.103448275862069 0.1379310344827586 0.1724137931034483 0.2068965517241379 0.2413793103448276 0.2758620689655172 0.3103448275862069 0.3448275862068966 0.3793103448275862 0.4137931034482759 0.4482758620689655 0.4827586206896551 0.5172413793103449 0.5517241379310345 0.5862068965517241 0.6206896551724138 0.6551724137931034 0.6896551724137931 0.7241379310344828 0.7586206896551724 0.7931034482758621 0.8275862068965517 0.8620689655172413 0.896551724137931 0.9310344827586207 0.9655172413793103 1
 0 0.03448275862068965 0.06896551724137931 0.103448275862069 0.1379310344827586 0.1724137931034483 0.2068965517241379 0.2413793103448276 0.2758620689655172 0.3103448275862069 0.3448275862068966 0.3793103448275862 0.4137931034482759 0.4482758620689655 0.4827586206896551 0.5172413793103449 0.5517241379310345 0.5862068965517241 0.6206896551724138 0.6551724137931034 0.6896551724137931 0.7241379310344828 0.7586206896551724 0.7931034482758621 0.8275862068965517 0.8620689655172413 0.896551724137931 0.9310344827586207 0.9655172413793103 1
 0 0.03448275862068965 0.06896551724137931 0.103448275862069 0.1379310344827586 0.1724137931034483 0.2068965517241379 0.2413793103448276 0.2758620689655172 0.3103448275862069 0.3448275862068966 0.3793103448275862 0.4137931034482759 0.4482758620689655 0.4827586206896551 0.5172413793103449 0.5517241379310345 0.5862068965517241 0.6206896551724138 0.6551724137931034 0.6896551724137931 0.7241379310344828 0.7586206896551724 0.7931034482758621 0.8275862068965517 0.8620689655172413 0.896551724137931 0.9310344827586207 0.9655172413793103 1
 0 0.03448275862068965 0.06896551724137931 0.103448275862069 0.1379310344827586 0.1724137931034483 0.2068965517241379 0.2413793103448276 0.2758620689655172 0.3103448275862069 0.3448275862068966 0.3793103448275862 0.4137931034482759 0.4482758620689655 0.4827586206896551 0.5172413793103449 0.5517241379310345 0.5862068965517241 0.6206896551724138 0.6551724137931034 0.6896551724137931 0.7241379310344828 0.7586206896551724 0.7931034482758621 0.8275862068965517 0.8620689655172413 0.896551724137931 0.9310344827586207 0.9655172413793103 1
 0 0.03448275862068965 0.06896551724137931 0.103448275862069 0.1379310344827586 0.1724137931034483 0.2068965517241379 0.2413793103448276 0.2758620689655172 0.3103448275862069 0.3448275862068966 0.3793103448275862 0.4137931034482759 0.4482758620689655 0.4827586206896551 0.5172413793103449 0.5517241379310345 0.5862068965517241 0.6206896551724138 0.6551724137931034 0.6896551724137931 0.7241379310344828 0.7586206896551724 0.7931034482758621 0.8275862068965517 0.8620689655172413 0.896551724137931 0.9310344827586207 0.9655172413793103 1
 0 0.03448275862068965 0.06896551724137931 0.103448275862069 0.1379310344827586 0.1724137931034483 0.2068965517241379 0.2413793103448276 0.2758620689655172 0.3103448275862069 0.3448275862068966 0.3793103448275862 0.4137931034482759 0.4482758620689655 0.4827586206896551 0.5172413793103449 0.5517241379310345 0.5862068965517241 0.6206896551724138 0.6551724137931034 0.6896551724137931 0.7241379310344828 0.7586206896551724 0.7931034482758621 0.8275862068965517 0.8620689655172413 0.896551724137931 0.9310344827586207 0.9655172413793103 1
 0 0.03448275862068965 0.06896551724137931 0.103448275862069 0.1379310344827586 0.1724137931034483 0.2068965517241379 0.2413793103448276 0.2758620689655172 0.3103448275862069 0.3448275862068966 0.3793103448275862 0.4137931034482759 0.4482758620689655 0.4827586206896551 0.5172413793103449 0.5517241379310345 0.5862068965517241 0.6206896551724138 0.6551724137931034 0.6896551724137931 0.7241379310344828 0.7586206896551724 0.7931034482758621 0.8275862068965517 0.8620689655172413 0.896551724137931 0.9310344827586207 0.9655172413793103 1
 0 0.03448275862068965 0.06896551724137931 0.103448275862069 0.1379310344827586 0.1724137931034483 0.2068965517241379 0.2413793103448276 0.2758620689655172 0.3103448275862069 0.3448275862068966 0.3793103448275862 0.4137931034482759 0.4482758620689655 0.4827586206896551 0.5172413793103449 0.5517241379310345 0.5862068965517241 0.6206896551724138 0.6551724137931034 0.6896551724137931 0.7241379310344828 0.7586206896551724 0.7931034482758621 0.8275862068965517 0.8620689655172413 0.896551724137931 0.9310344827586207 0.9655172413793103 1
 0 0.03448275862068965 0.06896551724137931 0.103448275862069 0.1379310344827586 0.1724137931034483 0.2068965517241379 0.2413793103448276 0.2758620689655172 0.3103448275862069 0.3448275862068966 0.3793103448275862 0.4137931034482759 0.4482758620689655 0.4827586206896551 0.5172413793103449 0.5517241379310345 0.5862068965517241 0.6206896551724138 0.6551724137931034 0.6896551724137931 0.7241379310344828 0.7586206896551724 0.7931034482758621 0.8275862068965517 0.8620689655172413 0.896551724137931 0.9310344827586207 0.9655172413793103 1
 0 0.03448275862068965 0.06896551724137931 0.103448275862069 0.1379310344827586 0.1724137931034483 0.2068965517241379 0.2413793103448276 0.2758620689655172 0.3103448275862069 0.3448275862068966 0.3793103448275862 0.4137931034482759 0.4482758620689655 0.4827586206896551 0.5172413793103449 0.5517241379310345 0.5862068965517241 0.6206896551724138 0.6551724137931034 0.6896551724137931 0.7241379310344828 0.7586206896551724 0.7931034482758621 0.8275862068965517 0.8620689655172413 0.896551724137931 0.9310344827586207 0.9655172413793103 1
 0 0.03448275862068965 0.06896551724137931 0.103448275862069 0.1379310344827586 0.1724137931034483 0.2068965517241379 0.2413793103448276 0.2758620689655172 0.3103448275862069 0.3448275862068966 0.3793103448275862 0.4137931034482759 0.4482758620689655 0.4827586206896551 0.5172413793103449 0.5517241379310345 0.5862068965517241 0.6206896551724138 0.6551724137931034 0.6896551724137931 0.7241379310344828 0.7586206896551724 0.7931034482758621 0.8275862068965517 0.8620689655172413 0.896551724137931 0.9310344827586207 0.9655172413793103 1
 0 0.03448275862068965 0.06896551724137931 0.103448275862069 0.1379310344827586 0.1724137931034483 0.2068965517241379 0.2413793103448276 0.2758620689655172 0.3103448275862069 0.3448275862068966 0.3793103448275862 0.4137931034482759 0.4482758620689655 0.4827586206896551 0.5172413793103449 0.5517241379310345 0.5862068965517241 0.6206896551724138 0.6551724137931034 0.6896551724137931 0.7241379310344828 0.7586206896551724 0.7931034482758621 0.8275862068965517 0.8620689655172413 0.896551724137931 0.9310344827586207 0.9655172413793103 1
 0 0.03448275862068965 0.06896551724137931 0.103448275862069 0.1379310344827586 0.1724137931034483 0.2068965517241379 0.2413793103448276 0.2758620689655172 0.3103448275862069 0.3448275862068966 0.3793103448275862 0.4137931034482759 0.4482758620689655 0.4827586206896551 0.5172413793103449 0.5517241379310345 0.5862068965517241 0.6206896551724138 0.6551724137931034 0.6896551724137931 0.7241379310344828 0.7586206896551724 0.7931034482758621 0.8275862068965517 0.8620689655172413 0.896551724137931 0.9310344827586207 0.9655172413793103 1
 0 0.03448275862068965 0.06896551724137931 0.103448275862069 0.1379310344827586 0.1724137931034483 0.2068965517241379 0.2413793103448276 0.2758620689655172 0.3103448275862069 0.3448275862068966 0.3793103448275862 0.4137931034482759 0.4482758620689655 0.4827586206896551 0.5172413793103449 0.5517241379310345 0.5862068965517241 0.6206896551724138 0.6551724137931034 0.6896551724137931 0.7241379310344828 0.7586206896551724 0.7931034482758621 0.8275862068965517 0.8620689655172413 0.896551724137931 0.9310344827586207 0.9655172413793103 1
 0 0.03448275862068965 0.06896551724137931 0.103448275862069 0.1379310344827586 0.1724137931034483 0.2068965517241379 0.2413793103448276 0.2758620689655172 0.3103448275862069 0.3448275862068966 0.3793103448275862 0.4137931034482759 0.4482758620689655 0.4827586206896551 0.5172413793103449 0.5517241379310345 0.5862068965517241 0.6206896551724138 0.6551724137931034 0.6896551724137931 0.7241379310344828 0.7586206896551724 0.7931034482758621 0.8275862068965517 0.8620689655172413 0.896551724137931 0.9310344827586207 0.9655172413793103 1
 0 0.03448275862068965 0.06896551724137931 0.103448275862069 0.1379310344827586 0.1724137931034483 0.2068965517241379 0.2413793103448276 0.2758620689655172 0.3103448275862069 0.3448275862068966 0.3793103448275862 0.4137931034482759 0.4482758620689655 0.4827586206896551 0.5172413793103449 0.5517241379310345 0.5862068965517241 0.6206896551724138 0.6551724137931034 0.6896551724137931 0.7241379310344828 0.7586206896551724 0.7931034482758621 0.8275862068965517 0.8620689655172413 0.896551724137931 0.9310344827586207 0.9655172413793103 1
 0 0.03448275862068965 0.06896551724137931 0.103448275862069 0.1379310344827586 0.1724137931034483 0.2068965517241379 0.2413793103448276 0.2758620689655172 0.3103448275862069 0.3448275862068966 0.3793103448275862 0.4137931034482759 0.4482758620689655 0.4827586206896551 0.5172413793103449 0.5517241379310345 0.5862068965517241 0.6206896551724138 0.6551724137931034 0.6896551724137931 0.7241379310344828 0.7586206896551724 0.7931034482758621 0.8275862068965517 0.8620689655172413 0.896551724137931 0.9310344827586207 0.9655172413793103 1
 0 0.03448275862068965 0.06896551724137931 0.103448275862069 0.1379310344827586 0.1724137931034483 0.2068965517241379 0.2413793103448276 0.2758620689655172 0.3103448275862069 0.3448275862068966 0.3793103448275862 0.4137931034482759 0.4482758620689655 0.4827586206896551 0.5172413793103449 0.5517241379310345 0.5862068965517241 0.6206896551724138 0.6551724137931034 0.6896551724137931 0.7241379310344828 0.7586206896551724 0.7931034482758621 0.8275862068965517 0.8620689655172413 0.896551724137931 0.9310344827586207 0.9655172413793103 1
 0 0.03448275862068965 0.06896551724137931 0.103448275862069 0.1379310344827586 0.1724137931034483 0.2068965517241379 0.2413793103448276 0.2758620689655172 0.3103448275862069 0.3448275862068966 0.3793103448275862 0.4137931034482759 0.4482758620689655 0.4827586206896551 0.5172413793103449 0.5517241379310345 0.5862068965517241 0.6206896551724138 0.6551724137931034 0.6896551724137931 0.7241379310344828 0.7586206896551724 0.7931034482758621 0.8275862068965517 0.8620689655172413 0.896551724137931 0.9310344827586207 0.9655172413793103 1
 0 0.03448275862068965 0.06896551724137931 0.103448275862069 0.1379310344827586 0.1724137931034483 0.2068965517241379 0.2413793103448276 0.2758620689655172 0.3103448275862069 0.3448275862068966 0.3793103448275862 0.4137931034482759 0.4482758620689655 0.4827586206896551 0.5172413793103449 0.5517241379310345 0.5862068965517241 0.6206896551724138 0.6551724137931034 0.6896551724137931 0.7241379310344828 0.7586206896551724 0.7931034482758621 0.8275862068965517 0.8620689655172413 0.896551724137931 0.9310344827586207 0.9655172413793103 1
 0 0.03448275862068965 0.06896551724137931 0.103448275862069 0.1379310344827586 0.1724137931034483 0.2068965517241379 0.2413793103448276 0.2758620689655172 0.3103448275862069 0.3448275862068966 0.3793103448275862 0.4137931034482759 0.4482758620689655 0.4827586206896551 0.5172413793103449 0.5517241379310345 0.5862068965517241 0.6206896551724138 0.6551724137931034 0.6896551724137931 0.7241379310344828 0.7586206896551724 0.7931034482758621 0.8275862068965517 0.8620689655172413 0.896551724137931 0.9310344827586207 0.9655172413793103 1
 0 0.03448275862068965 0.06896551724137931 0.103448275862069 0.1379310344827586 0.1724137931034483 0.2068965517241379 0.2413793103448276 0.2758620689655172 0.3103448275862069 0.3448275862068966 0.3793103448275862 0.4137931034482759 0.4482758620689655 0.4827586206896551 0.5172413793103449 0.5517241379310345 0.5862068965517241 0.6206896551724138 0.6551724137931034 0.6896551724137931 0.7241379310344828 0.7586206896551724 0.7931034482758621 0.8275862068965517 0.8620689655172413 0.896551724137931 0.9310344827586207 0.9655172413793103 1
 0 0.03448275862068965 0.06896551724137931 0.103448275862069 0.1379310344827586 0.1724137931034483 0.2068965517241379 0.2413793103448276 0.2758620689655172 0.3103448275862069 0.3448275862068966 0.3793103448275862 0.4137931034482759 0.4482758620689655 0.4827586206896551 0.5172413793103449 0.5517241379310345 0.5862068965517241 0.6206896551724138 0.6551724137931034 0.6896551724137931 0.7241379310344828 0.7586206896551724 0.7931034482758621 0.8275862068965517 0.8620689655172413 0.896551724137931 0.9310344827586207 0.9655172413793103 1
 0 0.03448275862068965 0.06896551724137931 0.103448275862069 0.1379310344827586 0.1724137931034483 0.2068965517241379 0.2413793103448276 0.2758620689655172 0.3103448275862069 0.3448275862068966 0.3793103448275862 0.4137931034482759 0.4482758620689655 0.4827586206896551 0.5172413793103449 0.5517241379310345 0.5862068965517241 0.6206896551724138 0.6551724137931034 0.6896551724137931 0.7241379310344828 0.7586206896551724 0.7931034482758621 0.8275862068965517 0.8620689655172413 0.896551724137931 0.9310344827586207 0.9655172413793103 1
 0 0.03448275862068965 0.06896551724137931 0.103448275862069 0.1379310344827586 0.1724137931034483 0.2068965517241379 0.2413793103448276 0.2758620689655172 0.3103448275862069 0.3448275862068966 0.3793103448275862 0.4137931034482759 0.4482758620689655 0.4827586206896551 0.5172413793103449 0.5517241379310345 0.5862068965517241 0.6206896551724138 0.6551724137931034 0.6896551724137931 0.7241379310344828 0.7586206896551724 0.7931034482758621 0.8275862068965517 0.8620689655172413 0.896551724137931 0.9310344827586207 0.9655172413793103 1
 0 0.03448275862068965 0.06896551724137931 0.103448275862069 0.1379310344827586 0.1724137931034483 0.2068965517241379 0.2413793103448276 0.2758620689655172 0.3103448275862069 0.3448275862068966 0.3793103448275862 0.4137931034482759 0.4482758620689655 0.4827586206896551 0.5172413793103449 0.5517241379310345 0.5862068965517241 0.6206896551724138 0.6551724137931034 0.6896551724137931 0.7241379310344828 0.7586206896551724 0.7931034482758621 0.8275862068965517 0.8620689655172413 0.896551724137931 0.9310344827586207 0.9655172413793103 1


# name: TH
# type: matrix
# rows: 30
# columns: 30
 0 0 0 0 0 0 0 0 0 0 0 0 0 0 0 0 0 0 0 0 0 0 0 0 0 0 0 0 0 0
 0.2166615623165375 0.2166615623165375 0.2166615623165375 0.2166615623165375 0.2166615623165375 0.2166615623165375 0.2166615623165375 0.2166615623165375 0.2166615623165375 0.2166615623165375 0.2166615623165375 0.2166615623165375 0.2166615623165375 0.2166615623165375 0.2166615623165375 0.2166615623165375 0.2166615623165375 0.2166615623165375 0.2166615623165375 0.2166615623165375 0.2166615623165375 0.2166615623165375 0.2166615623165375 0.2166615623165375 0.2166615623165375 0.2166615623165375 0.2166615623165375 0.2166615623165375 0.2166615623165375 0.2166615623165375
 0.4333231246330749 0.4333231246330749 0.4333231246330749 0.4333231246330749 0.4333231246330749 0.4333231246330749 0.4333231246330749 0.4333231246330749 0.4333231246330749 0.4333231246330749 0.4333231246330749 0.4333231246330749 0.4333231246330749 0.4333231246330749 0.4333231246330749 0.4333231246330749 0.4333231246330749 0.4333231246330749 0.4333231246330749 0.4333231246330749 0.4333231246330749 0.4333231246330749 0.4333231246330749 0.4333231246330749 0.4333231246330749 0.4333231246330749 0.4333231246330749 0.4333231246330749 0.4333231246330749 0.4333231246330749
 0.6499846869496124 0.6499846869496124 0.6499846869496124 0.6499846869496124 0.6499846869496124 0.6499846869496124 0.6499846869496124 0.6499846869496124 0.6499846869496124 0.6499846869496124 0.6499846869496124 0.6499846869496124 0.6499846869496124 0.6499846869496124 0.6499846869496124 0.6499846869496124 0.6499846869496124 0.6499846869496124 0.6499846869496124 0.6499846869496124 0.6499846869496124 0.6499846869496124 0.6499846869496124 0.6499846869496124 0.6499846869496124 0.6499846869496124 0.6499846869496124 0.6499846869496124 0.6499846869496124 0.6499846869496124
 0.8666462492661499 0.8666462492661499 0.8666462492661499 0.8666462492661499 0.8666462492661499 0.8666462492661499 0.8666462492661499 0.8666462492661499 0.8666462492661499 0.8666462492661499 0.8666462492661499 0.8666462492661499 0.8666462492661499 0.8666462492661499 0.8666462492661499 0.8666462492661499 0.8666462492661499 0.8666462492661499 0.8666462492661499 0.8666462492661499 0.8666462492661499 0.8666462492661499 0.8666462492661499 0.8666462492661499 0.8666462492661499 0.8666462492661499 0.8666462492661499 0.8666462492661499 0.8666462492661499 0.8666462492661499
 1.083307811582687 1.083307811582687 1.083307811582687 1.083307811582687 1.083307811582687 1.083307811582687 1.083307811582687 1.083307811582687 1.083307811582687 1.083307811582687 1.083307811582687 1.083307811582687 1.083307811582687 1.083307811582687 1.083307811582687 1.083307811582687 1.083307811582687 1.083307811582687 1.083307811582687 1.083307811582687 1.083307811582687 1.083307811582687 1.083307811582687 1.083307811582687 1.083307811582687 1.083307811582687 1.083307811582687 1.083307811582687 1.083307811582687 1.083307811582687
 1.299969373899225 1.299969373899225 1.299969373899225 1.299969373899225 1.299969373899225 1.299969373899225 1.299969373899225 1.299969373899225 1.299969373899225 1.299969373899225 1.299969373899225 1.299969373899225 1.299969373899225 1.299969373899225 1.299969373899225 1.299969373899225 1.299969373899225 1.299969373899225 1.299969373899225 1.299969373899225 1.299969373899225 1.299969373899225 1.299969373899225 1.299969373899225 1.299969373899225 1.299969373899225 1.299969373899225 1.299969373899225 1.299969373899225 1.299969373899225
 1.516630936215762 1.516630936215762 1.516630936215762 1.516630936215762 1.516630936215762 1.516630936215762 1.516630936215762 1.516630936215762 1.516630936215762 1.516630936215762 1.516630936215762 1.516630936215762 1.516630936215762 1.516630936215762 1.516630936215762 1.516630936215762 1.516630936215762 1.516630936215762 1.516630936215762 1.516630936215762 1.516630936215762 1.516630936215762 1.516630936215762 1.516630936215762 1.516630936215762 1.516630936215762 1.516630936215762 1.516630936215762 1.516630936215762 1.516630936215762
 1.7332924985323 1.7332924985323 1.7332924985323 1.7332924985323 1.7332924985323 1.7332924985323 1.7332924985323 1.7332924985323 1.7332924985323 1.7332924985323 1.7332924985323 1.7332924985323 1.7332924985323 1.7332924985323 1.7332924985323 1.7332924985323 1.7332924985323 1.7332924985323 1.7332924985323 1.7332924985323 1.7332924985323 1.7332924985323 1.7332924985323 1.7332924985323 1.7332924985323 1.7332924985323 1.7332924985323 1.7332924985323 1.7332924985323 1.7332924985323
 1.949954060848837 1.949954060848837 1.949954060848837 1.949954060848837 1.949954060848837 1.949954060848837 1.949954060848837 1.949954060848837 1.949954060848837 1.949954060848837 1.949954060848837 1.949954060848837 1.949954060848837 1.949954060848837 1.949954060848837 1.949954060848837 1.949954060848837 1.949954060848837 1.949954060848837 1.949954060848837 1.949954060848837 1.949954060848837 1.949954060848837 1.949954060848837 1.949954060848837 1.949954060848837 1.949954060848837 1.949954060848837 1.949954060848837 1.949954060848837
 2.166615623165375 2.166615623165375 2.166615623165375 2.166615623165375 2.166615623165375 2.166615623165375 2.166615623165375 2.166615623165375 2.166615623165375 2.166615623165375 2.166615623165375 2.166615623165375 2.166615623165375 2.166615623165375 2.166615623165375 2.166615623165375 2.166615623165375 2.166615623165375 2.166615623165375 2.166615623165375 2.166615623165375 2.166615623165375 2.166615623165375 2.166615623165375 2.166615623165375 2.166615623165375 2.166615623165375 2.166615623165375 2.166615623165375 2.166615623165375
 2.383277185481912 2.383277185481912 2.383277185481912 2.383277185481912 2.383277185481912 2.383277185481912 2.383277185481912 2.383277185481912 2.383277185481912 2.383277185481912 2.383277185481912 2.383277185481912 2.383277185481912 2.383277185481912 2.383277185481912 2.383277185481912 2.383277185481912 2.383277185481912 2.383277185481912 2.383277185481912 2.383277185481912 2.383277185481912 2.383277185481912 2.383277185481912 2.383277185481912 2.383277185481912 2.383277185481912 2.383277185481912 2.383277185481912 2.383277185481912
 2.59993874779845 2.59993874779845 2.59993874779845 2.59993874779845 2.59993874779845 2.59993874779845 2.59993874779845 2.59993874779845 2.59993874779845 2.59993874779845 2.59993874779845 2.59993874779845 2.59993874779845 2.59993874779845 2.59993874779845 2.59993874779845 2.59993874779845 2.59993874779845 2.59993874779845 2.59993874779845 2.59993874779845 2.59993874779845 2.59993874779845 2.59993874779845 2.59993874779845 2.59993874779845 2.59993874779845 2.59993874779845 2.59993874779845 2.59993874779845
 2.816600310114987 2.816600310114987 2.816600310114987 2.816600310114987 2.816600310114987 2.816600310114987 2.816600310114987 2.816600310114987 2.816600310114987 2.816600310114987 2.816600310114987 2.816600310114987 2.816600310114987 2.816600310114987 2.816600310114987 2.816600310114987 2.816600310114987 2.816600310114987 2.816600310114987 2.816600310114987 2.816600310114987 2.816600310114987 2.816600310114987 2.816600310114987 2.816600310114987 2.816600310114987 2.816600310114987 2.816600310114987 2.816600310114987 2.816600310114987
 3.033261872431524 3.033261872431524 3.033261872431524 3.033261872431524 3.033261872431524 3.033261872431524 3.033261872431524 3.033261872431524 3.033261872431524 3.033261872431524 3.033261872431524 3.033261872431524 3.033261872431524 3.033261872431524 3.033261872431524 3.033261872431524 3.033261872431524 3.033261872431524 3.033261872431524 3.033261872431524 3.033261872431524 3.033261872431524 3.033261872431524 3.033261872431524 3.033261872431524 3.033261872431524 3.033261872431524 3.033261872431524 3.033261872431524 3.033261872431524
 3.249923434748062 3.249923434748062 3.249923434748062 3.249923434748062 3.249923434748062 3.249923434748062 3.249923434748062 3.249923434748062 3.249923434748062 3.249923434748062 3.249923434748062 3.249923434748062 3.249923434748062 3.249923434748062 3.249923434748062 3.249923434748062 3.249923434748062 3.249923434748062 3.249923434748062 3.249923434748062 3.249923434748062 3.249923434748062 3.249923434748062 3.249923434748062 3.249923434748062 3.249923434748062 3.249923434748062 3.249923434748062 3.249923434748062 3.249923434748062
 3.466584997064599 3.466584997064599 3.466584997064599 3.466584997064599 3.466584997064599 3.466584997064599 3.466584997064599 3.466584997064599 3.466584997064599 3.466584997064599 3.466584997064599 3.466584997064599 3.466584997064599 3.466584997064599 3.466584997064599 3.466584997064599 3.466584997064599 3.466584997064599 3.466584997064599 3.466584997064599 3.466584997064599 3.466584997064599 3.466584997064599 3.466584997064599 3.466584997064599 3.466584997064599 3.466584997064599 3.466584997064599 3.466584997064599 3.466584997064599
 3.683246559381137 3.683246559381137 3.683246559381137 3.683246559381137 3.683246559381137 3.683246559381137 3.683246559381137 3.683246559381137 3.683246559381137 3.683246559381137 3.683246559381137 3.683246559381137 3.683246559381137 3.683246559381137 3.683246559381137 3.683246559381137 3.683246559381137 3.683246559381137 3.683246559381137 3.683246559381137 3.683246559381137 3.683246559381137 3.683246559381137 3.683246559381137 3.683246559381137 3.683246559381137 3.683246559381137 3.683246559381137 3.683246559381137 3.683246559381137
 3.899908121697675 3.899908121697675 3.899908121697675 3.899908121697675 3.899908121697675 3.899908121697675 3.899908121697675 3.899908121697675 3.899908121697675 3.899908121697675 3.899908121697675 3.899908121697675 3.899908121697675 3.899908121697675 3.899908121697675 3.899908121697675 3.899908121697675 3.899908121697675 3.899908121697675 3.899908121697675 3.899908121697675 3.899908121697675 3.899908121697675 3.899908121697675 3.899908121697675 3.899908121697675 3.899908121697675 3.899908121697675 3.899908121697675 3.899908121697675
 4.116569684014212 4.116569684014212 4.116569684014212 4.116569684014212 4.116569684014212 4.116569684014212 4.116569684014212 4.116569684014212 4.116569684014212 4.116569684014212 4.116569684014212 4.116569684014212 4.116569684014212 4.116569684014212 4.116569684014212 4.116569684014212 4.116569684014212 4.116569684014212 4.116569684014212 4.116569684014212 4.116569684014212 4.116569684014212 4.116569684014212 4.116569684014212 4.116569684014212 4.116569684014212 4.116569684014212 4.116569684014212 4.116569684014212 4.116569684014212
 4.333231246330749 4.333231246330749 4.333231246330749 4.333231246330749 4.333231246330749 4.333231246330749 4.333231246330749 4.333231246330749 4.333231246330749 4.333231246330749 4.333231246330749 4.333231246330749 4.333231246330749 4.333231246330749 4.333231246330749 4.333231246330749 4.333231246330749 4.333231246330749 4.333231246330749 4.333231246330749 4.333231246330749 4.333231246330749 4.333231246330749 4.333231246330749 4.333231246330749 4.333231246330749 4.333231246330749 4.333231246330749 4.333231246330749 4.333231246330749
 4.549892808647287 4.549892808647287 4.549892808647287 4.549892808647287 4.549892808647287 4.549892808647287 4.549892808647287 4.549892808647287 4.549892808647287 4.549892808647287 4.549892808647287 4.549892808647287 4.549892808647287 4.549892808647287 4.549892808647287 4.549892808647287 4.549892808647287 4.549892808647287 4.549892808647287 4.549892808647287 4.549892808647287 4.549892808647287 4.549892808647287 4.549892808647287 4.549892808647287 4.549892808647287 4.549892808647287 4.549892808647287 4.549892808647287 4.549892808647287
 4.766554370963824 4.766554370963824 4.766554370963824 4.766554370963824 4.766554370963824 4.766554370963824 4.766554370963824 4.766554370963824 4.766554370963824 4.766554370963824 4.766554370963824 4.766554370963824 4.766554370963824 4.766554370963824 4.766554370963824 4.766554370963824 4.766554370963824 4.766554370963824 4.766554370963824 4.766554370963824 4.766554370963824 4.766554370963824 4.766554370963824 4.766554370963824 4.766554370963824 4.766554370963824 4.766554370963824 4.766554370963824 4.766554370963824 4.766554370963824
 4.983215933280362 4.983215933280362 4.983215933280362 4.983215933280362 4.983215933280362 4.983215933280362 4.983215933280362 4.983215933280362 4.983215933280362 4.983215933280362 4.983215933280362 4.983215933280362 4.983215933280362 4.983215933280362 4.983215933280362 4.983215933280362 4.983215933280362 4.983215933280362 4.983215933280362 4.983215933280362 4.983215933280362 4.983215933280362 4.983215933280362 4.983215933280362 4.983215933280362 4.983215933280362 4.983215933280362 4.983215933280362 4.983215933280362 4.983215933280362
 5.199877495596899 5.199877495596899 5.199877495596899 5.199877495596899 5.199877495596899 5.199877495596899 5.199877495596899 5.199877495596899 5.199877495596899 5.199877495596899 5.199877495596899 5.199877495596899 5.199877495596899 5.199877495596899 5.199877495596899 5.199877495596899 5.199877495596899 5.199877495596899 5.199877495596899 5.199877495596899 5.199877495596899 5.199877495596899 5.199877495596899 5.199877495596899 5.199877495596899 5.199877495596899 5.199877495596899 5.199877495596899 5.199877495596899 5.199877495596899
 5.416539057913437 5.416539057913437 5.416539057913437 5.416539057913437 5.416539057913437 5.416539057913437 5.416539057913437 5.416539057913437 5.416539057913437 5.416539057913437 5.416539057913437 5.416539057913437 5.416539057913437 5.416539057913437 5.416539057913437 5.416539057913437 5.416539057913437 5.416539057913437 5.416539057913437 5.416539057913437 5.416539057913437 5.416539057913437 5.416539057913437 5.416539057913437 5.416539057913437 5.416539057913437 5.416539057913437 5.416539057913437 5.416539057913437 5.416539057913437
 5.633200620229974 5.633200620229974 5.633200620229974 5.633200620229974 5.633200620229974 5.633200620229974 5.633200620229974 5.633200620229974 5.633200620229974 5.633200620229974 5.633200620229974 5.633200620229974 5.633200620229974 5.633200620229974 5.633200620229974 5.633200620229974 5.633200620229974 5.633200620229974 5.633200620229974 5.633200620229974 5.633200620229974 5.633200620229974 5.633200620229974 5.633200620229974 5.633200620229974 5.633200620229974 5.633200620229974 5.633200620229974 5.633200620229974 5.633200620229974
 5.849862182546511 5.849862182546511 5.849862182546511 5.849862182546511 5.849862182546511 5.849862182546511 5.849862182546511 5.849862182546511 5.849862182546511 5.849862182546511 5.849862182546511 5.849862182546511 5.849862182546511 5.849862182546511 5.849862182546511 5.849862182546511 5.849862182546511 5.849862182546511 5.849862182546511 5.849862182546511 5.849862182546511 5.849862182546511 5.849862182546511 5.849862182546511 5.849862182546511 5.849862182546511 5.849862182546511 5.849862182546511 5.849862182546511 5.849862182546511
 6.066523744863049 6.066523744863049 6.066523744863049 6.066523744863049 6.066523744863049 6.066523744863049 6.066523744863049 6.066523744863049 6.066523744863049 6.066523744863049 6.066523744863049 6.066523744863049 6.066523744863049 6.066523744863049 6.066523744863049 6.066523744863049 6.066523744863049 6.066523744863049 6.066523744863049 6.066523744863049 6.066523744863049 6.066523744863049 6.066523744863049 6.066523744863049 6.066523744863049 6.066523744863049 6.066523744863049 6.066523744863049 6.066523744863049 6.066523744863049
 6.283185307179586 6.283185307179586 6.283185307179586 6.283185307179586 6.283185307179586 6.283185307179586 6.283185307179586 6.283185307179586 6.283185307179586 6.283185307179586 6.283185307179586 6.283185307179586 6.283185307179586 6.283185307179586 6.283185307179586 6.283185307179586 6.283185307179586 6.283185307179586 6.283185307179586 6.283185307179586 6.283185307179586 6.283185307179586 6.283185307179586 6.283185307179586 6.283185307179586 6.283185307179586 6.283185307179586 6.283185307179586 6.283185307179586 6.283185307179586


# name: Z
# type: matrix
# rows: 30
# columns: 30
 0 0.001189060642092747 0.004756242568370986 0.01070154577883472 0.01902497027348395 0.02972651605231867 0.04280618311533888 0.05826397146254458 0.07609988109393578 0.09631391200951249 0.1189060642092747 0.1438763376932223 0.1712247324613555 0.2009512485136742 0.2330558858501783 0.2675386444708681 0.3043995243757431 0.3436385255648037 0.38525564803805 0.4292508917954815 0.4756242568370987 0.5243757431629014 0.5755053507728893 0.6290130796670631 0.6848989298454221 0.7431629013079666 0.8038049940546969 0.8668252080856124 0.9322235434007133 1
 0 0.001079162211261542 0.004316648845046169 0.00971245990135388 0.01726659538018467 0.02697905528153856 0.03884983960541552 0.05287894835181556 0.0690663815207387 0.08741213911218493 0.1079162211261542 0.1305786275626466 0.1553993584216621 0.1823784137032007 0.2115157934072623 0.242811497533847 0.2762655260829548 0.3118778790545856 0.3496485564487397 0.3895775582654167 0.4316648845046169 0.4759105351663402 0.5223145102505864 0.5708768097573559 0.6215974336866483 0.6744763820384638 0.7295136548128026 0.7867092520096642 0.846063173629049 0.907575419670957
 0 0.0007697815514647177 0.003079126205858871 0.00692803396318246 0.01231650482343548 0.01924453878661795 0.02771213585272984 0.03771929602177117 0.04926601929374193 0.06235230566864215 0.07697815514647179 0.09314356772723084 0.1108485434109194 0.1300930821975373 0.1508771840870847 0.1732008490795615 0.1970640771749677 0.2224668683733034 0.2494092226745686 0.2778911400787631 0.3079126205858871 0.3394736641959406 0.3725742709089234 0.4072144407248358 0.4433941736436774 0.4811134696654485 0.5203723287901493 0.5611707510177792 0.6035087363483387 0.6473862847818277
 0 0.0003181074179895609 0.001272429671958244 0.002862966761906048 0.005089718687832975 0.007952685449739025 0.01145186704762419 0.01558726348148849 0.0203588747513319 0.02576670085715444 0.0318107417989561 0.03849099757673687 0.04580746819049678 0.05376015364023581 0.06234905392595394 0.07157416904765122 0.08143549900532759 0.09193304379898309 0.1030668034286178 0.1148367778942315 0.1272429671958244 0.1402853713333964 0.1539639903069475 0.1682788241164778 0.1832298727619871 0.1988171362434756 0.2150406145609432 0.2319003077143899 0.2493962157038158 0.2675283385292208
 -0 -0.000192368604700077 -0.0007694744188003078 -0.001731317442300693 -0.003077897675201231 -0.004809215117501925 -0.006925269769202771 -0.00942606163030377 -0.01231159070080493 -0.01558185698070623 -0.0192368604700077 -0.02327660116870931 -0.02770107907681109 -0.03251029419431301 -0.03770424652121508 -0.04328293605751733 -0.0492463628032197 -0.05559452675832224 -0.06232742792282494 -0.06944506629672778 -0.0769474418800308 -0.08483455467273396 -0.09310640467483725 -0.1017629918863407 -0.1108043163072443 -0.1202303779375481 -0.130041176777252 -0.1402367128263561 -0.1508169860848603 -0.1617819965527647
 -0 -0.0006672854522739385 -0.002669141809095754 -0.006005569070465447 -0.01067656723638302 -0.01668213630684846 -0.02402227628186179 -0.03269698716142298 -0.04270626894553206 -0.05405012163418902 -0.06672854522739385 -0.08074153972514654 -0.09608910512744714 -0.1127712414342956 -0.1307879486456919 -0.1501392267616362 -0.1708250757821282 -0.1928454957071682 -0.2162004865367561 -0.2408900482708918 -0.2669141809095754 -0.2942728844528069 -0.3229661589005862 -0.3529940042529135 -0.3843564205097886 -0.4170534076712115 -0.4510849657371825 -0.4864510947077011 -0.5231517945827677 -0.5611870653623823
 -0 -0.001018855144075611 -0.004075420576302446 -0.009169696296680503 -0.01630168230520978 -0.02547137860189029 -0.03667878518672201 -0.04992390205970496 -0.06520672922083913 -0.08252726667012454 -0.1018855144075612 -0.123281472433149 -0.146715140746888 -0.1721865193487783 -0.1996956082388198 -0.2292424074170126 -0.2608269168833565 -0.2944491366378517 -0.3301090666804982 -0.3678067070112958 -0.4075420576302446 -0.4493151185373447 -0.4931258897325959 -0.5389743712159986 -0.5868605629875522 -0.6367844650472571 -0.6887460773951134 -0.7427454000311208 -0.7987824329552793 -0.8568571761675893
 -0 -0.001182090317662734 -0.004728361270650937 -0.01063881285896461 -0.01891344508260375 -0.02955225794156836 -0.04255525143585843 -0.05792242556547398 -0.07565378033041499 -0.09574931573068149 -0.1182090317662735 -0.1430329284371908 -0.1702210057434337 -0.1997732636850021 -0.2316897022618959 -0.2659703214741153 -0.30261512132166 -0.3416241018045302 -0.382997262922726 -0.4267346046762471 -0.4728361270650938 -0.5213018300892659 -0.5721317137487634 -0.6253257780435866 -0.680884022973735 -0.7388064485392088 -0.7990930547400085 -0.8617438415761334 -0.9267588090475837 -0.9941379571543596
 -0 -0.001126817088207851 -0.004507268352831402 -0.01014135379387066 -0.01802907341132561 -0.02817042720519627 -0.04056541517548263 -0.05521403732218468 -0.07211629364530243 -0.09127218414483591 -0.1126817088207851 -0.1363448676731499 -0.1622616607019305 -0.1904320879071268 -0.2208561492887387 -0.2535338448467664 -0.2884651745812097 -0.3256501384920688 -0.3650887365793437 -0.4067809688430341 -0.4507268352831403 -0.4969263358996622 -0.5453794706925996 -0.5960862396619531 -0.6490466428077221 -0.7042606801299066 -0.7617283516285072 -0.8214496573035232 -0.8834245971549549 -0.9476531711828025
 -0 -0.0008632526657825572 -0.003453010663130229 -0.007769273992043016 -0.01381204265252092 -0.02158131664456394 -0.03107709596817207 -0.0422993806233453 -0.05524817061008366 -0.06992346592838715 -0.08632526657825575 -0.1044535725596894 -0.1243083838726883 -0.1458897005172522 -0.1691975224933812 -0.1942318498010754 -0.2209926824403347 -0.249480020411159 -0.2796938637135486 -0.3116342123475032 -0.345301066313023 -0.3806944256101079 -0.4178142902387577 -0.4566606601989729 -0.4972335354907531 -0.5395329161140983 -0.5835588020690088 -0.6293111933554844 -0.6767900899735249 -0.7259954919231307
 -0 -0.0004401167126515035 -0.001760466850606014 -0.003961050413863532 -0.007041867402424055 -0.01100291781628759 -0.01584420165545413 -0.02156571891992367 -0.02816746960969622 -0.03564945372477179 -0.04401167126515036 -0.05325412223083192 -0.06337680662181651 -0.0743797244381041 -0.08626287567969468 -0.0990262603465883 -0.1126698784387849 -0.1271937299562845 -0.1425978148990872 -0.1588821332671927 -0.1760466850606014 -0.1940914702793131 -0.2130164889233277 -0.2328217409926454 -0.253507226487266 -0.2750729454071896 -0.2975188977524164 -0.3208450835229461 -0.3450515027187787 -0.3701381553399145
 0 6.437444540477714e-05 0.0002574977816191086 0.0005793700086429944 0.001029991126476434 0.001609361135119429 0.002317480034571977 0.00315434782483408 0.004119964505905737 0.005214330077786949 0.006437444540477715 0.007789307893978034 0.00926992013828791 0.01087928127340734 0.01261739129933632 0.01448425021607486 0.01647985802362295 0.01860421472198059 0.0208573203111478 0.02323917479112455 0.02574977816191086 0.02838913042350672 0.03115723157591213 0.03405408161912712 0.03707968055315164 0.04023402837798571 0.04351712509362936 0.04692897070008254 0.05046956519734528 0.05413890858541758
 0 0.0005569660412601549 0.00222786416504062 0.005012694371341395 0.008911456660162478 0.01392415103150388 0.02005077748536558 0.02729133602174759 0.03564582664064991 0.04511424934207255 0.0556966041260155 0.06739289099247874 0.08020310994146232 0.0941272609729662 0.1091653440869904 0.1253173592835349 0.1425833065625997 0.1609631859241847 0.1804569973682902 0.2010647408949159 0.222786416504062 0.2456220241957284 0.2695715639699149 0.294635035826622 0.3208124397658493 0.3481037757875968 0.3765090438918648 0.406028244078653 0.4366613763479614 0.4684084406997903
 0 0.0009466029318735362 0.003786411727494145 0.008519426386861826 0.01514564690997658 0.02366507329683841 0.0340777055474473 0.04638354366180327 0.06058258763990632 0.07667483748175644 0.09466029318735364 0.1145389547566979 0.1363108221897892 0.1599758954866276 0.1855341746472131 0.2129856596715457 0.2423303505596253 0.2735682473114519 0.3066993499270257 0.3417236584063466 0.3786411727494146 0.4174518929562295 0.4581558190267915 0.5007529509611007 0.5452432887591568 0.59162683242096 0.6399035819465105 0.6900735373358079 0.7421366985888523 0.796093065705644
 0 0.001161261065053611 0.004645044260214443 0.0104513495854825 0.01858017704085777 0.02903152662634027 0.04180539834192998 0.05690179218762692 0.07432070816343109 0.09406214626934248 0.1161261065053611 0.1405125888714869 0.1672215933677199 0.1962531199940602 0.2276071687505077 0.2612837396370625 0.2972828326537243 0.3356044478004934 0.3762485850773699 0.4192152444843534 0.4645044260214444 0.5121161296886424 0.5620503554859475 0.6143071034133601 0.6688863734708798 0.7257881656585066 0.7850124799762409 0.8465593164240822 0.9104286750020307 0.9766205557100867
 0 0.001161261065053611 0.004645044260214443 0.0104513495854825 0.01858017704085777 0.02903152662634028 0.04180539834192999 0.05690179218762693 0.07432070816343109 0.09406214626934249 0.1161261065053611 0.1405125888714869 0.16722159336772 0.1962531199940603 0.2276071687505077 0.2612837396370625 0.2972828326537243 0.3356044478004935 0.37624858507737 0.4192152444843535 0.4645044260214444 0.5121161296886425 0.5620503554859476 0.6143071034133603 0.6688863734708799 0.7257881656585067 0.785012479976241 0.8465593164240823 0.9104286750020308 0.9766205557100868
 0 0.0009466029318735359 0.003786411727494143 0.008519426386861824 0.01514564690997657 0.0236650732968384 0.0340777055474473 0.04638354366180326 0.06058258763990629 0.07667483748175642 0.09466029318735361 0.1145389547566978 0.1363108221897892 0.1599758954866276 0.185534174647213 0.2129856596715456 0.2423303505596252 0.2735682473114519 0.3066993499270257 0.3417236584063464 0.3786411727494144 0.4174518929562294 0.4581558190267914 0.5007529509611006 0.5452432887591567 0.5916268324209599 0.6399035819465103 0.6900735373358077 0.7421366985888521 0.7960930657056438
 0 0.0005569660412601545 0.002227864165040618 0.005012694371341391 0.008911456660162471 0.01392415103150387 0.02005077748536556 0.02729133602174757 0.03564582664064989 0.04511424934207252 0.05569660412601547 0.06739289099247869 0.08020310994146225 0.09412726097296613 0.1091653440869903 0.1253173592835348 0.1425833065625995 0.1609631859241846 0.1804569973682901 0.2010647408949158 0.2227864165040619 0.2456220241957282 0.2695715639699148 0.2946350358266218 0.320812439765849 0.3481037757875965 0.3765090438918645 0.4060282440786527 0.4366613763479611 0.46840844069979
 0 6.437444540477668e-05 0.0002574977816191067 0.0005793700086429901 0.001029991126476427 0.001609361135119417 0.002317480034571961 0.003154347824834057 0.004119964505905707 0.005214330077786911 0.006437444540477668 0.007789307893977977 0.009269920138287842 0.01087928127340726 0.01261739129933623 0.01448425021607475 0.01647985802362283 0.01860421472198046 0.02085732031114764 0.02323917479112438 0.02574977816191067 0.02838913042350652 0.03115723157591191 0.03405408161912687 0.03707968055315137 0.04023402837798542 0.04351712509362904 0.0469289707000822 0.05046956519734491 0.05413890858541719
 -0 -0.000440116712651503 -0.001760466850606012 -0.003961050413863527 -0.007041867402424047 -0.01100291781628758 -0.01584420165545411 -0.02156571891992365 -0.02816746960969619 -0.03564945372477174 -0.04401167126515031 -0.05325412223083185 -0.06337680662181643 -0.07437972443810401 -0.08626287567969458 -0.09902626034658819 -0.1126698784387848 -0.1271937299562843 -0.142597814899087 -0.1588821332671926 -0.1760466850606012 -0.1940914702793128 -0.2130164889233274 -0.2328217409926451 -0.2535072264872657 -0.2750729454071893 -0.297518897752416 -0.3208450835229457 -0.3450515027187783 -0.370138155339914
 -0 -0.0008632526657825572 -0.003453010663130229 -0.007769273992043016 -0.01381204265252092 -0.02158131664456394 -0.03107709596817207 -0.0422993806233453 -0.05524817061008366 -0.06992346592838715 -0.08632526657825575 -0.1044535725596894 -0.1243083838726883 -0.1458897005172522 -0.1691975224933812 -0.1942318498010754 -0.2209926824403347 -0.249480020411159 -0.2796938637135486 -0.3116342123475032 -0.345301066313023 -0.3806944256101079 -0.4178142902387577 -0.4566606601989729 -0.4972335354907531 -0.5395329161140983 -0.5835588020690088 -0.6293111933554844 -0.6767900899735249 -0.7259954919231307
 -0 -0.001126817088207851 -0.004507268352831402 -0.01014135379387066 -0.01802907341132561 -0.02817042720519627 -0.04056541517548263 -0.05521403732218468 -0.07211629364530243 -0.09127218414483591 -0.1126817088207851 -0.1363448676731499 -0.1622616607019305 -0.1904320879071268 -0.2208561492887387 -0.2535338448467664 -0.2884651745812097 -0.3256501384920688 -0.3650887365793437 -0.4067809688430341 -0.4507268352831403 -0.4969263358996622 -0.5453794706925996 -0.5960862396619531 -0.6490466428077221 -0.7042606801299066 -0.7617283516285072 -0.8214496573035232 -0.8834245971549549 -0.9476531711828025
 -0 -0.001182090317662734 -0.004728361270650937 -0.01063881285896461 -0.01891344508260375 -0.02955225794156836 -0.04255525143585843 -0.05792242556547398 -0.07565378033041499 -0.09574931573068149 -0.1182090317662735 -0.1430329284371908 -0.1702210057434337 -0.1997732636850021 -0.2316897022618959 -0.2659703214741153 -0.30261512132166 -0.3416241018045302 -0.382997262922726 -0.4267346046762471 -0.4728361270650938 -0.5213018300892659 -0.5721317137487634 -0.6253257780435866 -0.680884022973735 -0.7388064485392088 -0.7990930547400085 -0.8617438415761334 -0.9267588090475837 -0.9941379571543596
 -0 -0.001018855144075611 -0.004075420576302445 -0.009169696296680501 -0.01630168230520978 -0.02547137860189028 -0.036678785186722 -0.04992390205970495 -0.06520672922083912 -0.08252726667012451 -0.1018855144075611 -0.1232814724331489 -0.146715140746888 -0.1721865193487783 -0.1996956082388198 -0.2292424074170126 -0.2608269168833565 -0.2944491366378516 -0.3301090666804981 -0.3678067070112956 -0.4075420576302445 -0.4493151185373446 -0.4931258897325957 -0.5389743712159984 -0.5868605629875521 -0.6367844650472569 -0.6887460773951133 -0.7427454000311206 -0.7987824329552792 -0.8568571761675891
 -0 -0.000667285452273938 -0.002669141809095752 -0.006005569070465443 -0.01067656723638301 -0.01668213630684845 -0.02402227628186177 -0.03269698716142296 -0.04270626894553203 -0.05405012163418899 -0.06672854522739381 -0.0807415397251465 -0.09608910512744709 -0.1127712414342956 -0.1307879486456918 -0.1501392267616361 -0.1708250757821281 -0.1928454957071681 -0.2162004865367559 -0.2408900482708916 -0.2669141809095752 -0.2942728844528067 -0.322966158900586 -0.3529940042529133 -0.3843564205097884 -0.4170534076712112 -0.4510849657371822 -0.4864510947077009 -0.5231517945827674 -0.5611870653623819
 -0 -0.0001923686047000762 -0.0007694744188003049 -0.001731317442300686 -0.00307789767520122 -0.004809215117501907 -0.006925269769202744 -0.009426061630303736 -0.01231159070080488 -0.01558185698070618 -0.01923686047000763 -0.02327660116870922 -0.02770107907681098 -0.03251029419431289 -0.03770424652121494 -0.04328293605751717 -0.04924636280321951 -0.05559452675832202 -0.06232742792282471 -0.06944506629672752 -0.07694744188003051 -0.08483455467273364 -0.09310640467483688 -0.1017629918863403 -0.1108043163072439 -0.1202303779375476 -0.1300411767772515 -0.1402367128263556 -0.1508169860848598 -0.1617819965527641
 0 0.0003181074179895619 0.001272429671958248 0.002862966761906058 0.00508971868783299 0.007952685449739049 0.01145186704762423 0.01558726348148853 0.02035887475133196 0.02576670085715452 0.0318107417989562 0.03849099757673699 0.04580746819049692 0.05376015364023597 0.06234905392595413 0.07157416904765145 0.08143549900532784 0.09193304379898339 0.1030668034286181 0.1148367778942319 0.1272429671958248 0.1402853713333968 0.153963990306948 0.1682788241164783 0.1832298727619877 0.1988171362434762 0.2150406145609439 0.2319003077143907 0.2493962157038165 0.2675283385292216
 0 0.000769781551464717 0.003079126205858868 0.006928033963182453 0.01231650482343547 0.01924453878661793 0.02771213585272981 0.03771929602177113 0.04926601929374189 0.06235230566864208 0.07697815514647172 0.09314356772723074 0.1108485434109193 0.1300930821975372 0.1508771840870845 0.1732008490795614 0.1970640771749675 0.2224668683733032 0.2494092226745683 0.2778911400787628 0.3079126205858869 0.3394736641959403 0.372574270908923 0.4072144407248354 0.443394173643677 0.481113469665448 0.5203723287901487 0.5611707510177787 0.6035087363483381 0.647386284781827
 0 0.001079162211261542 0.004316648845046168 0.009712459901353878 0.01726659538018467 0.02697905528153855 0.03884983960541551 0.05287894835181555 0.06906638152073868 0.0874121391121849 0.1079162211261542 0.1305786275626466 0.1553993584216621 0.1823784137032006 0.2115157934072622 0.242811497533847 0.2762655260829547 0.3118778790545856 0.3496485564487396 0.3895775582654166 0.4316648845046168 0.4759105351663401 0.5223145102505863 0.5708768097573558 0.6215974336866482 0.6744763820384636 0.7295136548128024 0.7867092520096641 0.8460631736290488 0.9075754196709568
 0 0.001189060642092747 0.004756242568370986 0.01070154577883472 0.01902497027348395 0.02972651605231867 0.04280618311533888 0.05826397146254458 0.07609988109393578 0.09631391200951249 0.1189060642092747 0.1438763376932223 0.1712247324613555 0.2009512485136742 0.2330558858501783 0.2675386444708681 0.3043995243757431 0.3436385255648037 0.38525564803805 0.4292508917954815 0.4756242568370987 0.5243757431629014 0.5755053507728893 0.6290130796670631 0.6848989298454221 0.7431629013079666 0.8038049940546969 0.8668252080856124 0.9322235434007133 1


# name: a
# type: scalar
3.1


# name: b
# type: scalar
2.25


# name: f
# type: function handle
@<anonymous>
@(x, y) x .^ 2 .* cos (2 .* y)


# name: r
# type: matrix
# rows: 1
# columns: 30
 0 0.03448275862068965 0.06896551724137931 0.103448275862069 0.1379310344827586 0.1724137931034483 0.2068965517241379 0.2413793103448276 0.2758620689655172 0.3103448275862069 0.3448275862068966 0.3793103448275862 0.4137931034482759 0.4482758620689655 0.4827586206896551 0.5172413793103449 0.5517241379310345 0.5862068965517241 0.6206896551724138 0.6551724137931034 0.6896551724137931 0.7241379310344828 0.7586206896551724 0.7931034482758621 0.8275862068965517 0.8620689655172413 0.896551724137931 0.9310344827586207 0.9655172413793103 1


# name: s
# type: scalar struct
# ndims: 2
 1 1
# length: 1
# name: Edgecolor
# type: sq_string
# elements: 1
# length: 3
red




# name: th
# type: matrix
# rows: 1
# columns: 30
 0 0.2166615623165375 0.4333231246330749 0.6499846869496124 0.8666462492661499 1.083307811582687 1.299969373899225 1.516630936215762 1.7332924985323 1.949954060848837 2.166615623165375 2.383277185481912 2.59993874779845 2.816600310114987 3.033261872431524 3.249923434748062 3.466584997064599 3.683246559381137 3.899908121697675 4.116569684014212 4.333231246330749 4.549892808647287 4.766554370963824 4.983215933280362 5.199877495596899 5.416539057913437 5.633200620229974 5.849862182546511 6.066523744863049 6.283185307179586


